{
    "1_0": {
        "rvec": [
            -0.017480137175550005,
            0.041848159888682554,
            0.10263056471487138
        ],
        "tvec": [
            -0.23346126547417498,
            0.06121840272047588,
            0.9704370895073778
        ],
        "F": [
            [
                1.861747490980643e-08,
                9.506456500084196e-07,
                -0.001843186500760292
            ],
            [
                -1.2449857644459565e-06,
                2.1564447968146618e-07,
                0.0003661350513027419
            ],
            [
                0.0022891236844738276,
                -0.001264981910827862,
                1.0
            ]
        ]
    },
    "2_0": {
        "rvec": [
            0.04808610546226948,
            -0.03806064272505333,
            0.20166643946115417
        ],
        "tvec": [
            -0.41283867987313877,
            0.3681938091813184,
            0.8330651494818128
        ],
        "F": [
            [
                5.338435205193482e-09,
                2.9390017920353494e-07,
                -0.0016997354718988392
            ],
            [
                -3.418012514466233e-07,
                1.0134612520800006e-07,
                -0.0005767215148000072
            ],
            [
                0.0016215561412881762,
                -0.00018059553913131417,
                1.0
            ]
        ]
    },
    "2_1": {
        "rvec": [
            0.032380428362414226,
            -0.022517542020056115,
            0.11776646925944
        ],
        "tvec": [
            0.2130862769988964,
            -0.12203580423535615,
            0.9693820201754205
        ],
        "F": [
            [
                4.592172939592783e-08,
                3.9318657623813067e-07,
                -0.0003862734989096027
            ],
            [
                -3.7892638523523845e-07,
                4.966057995139539e-08,
                0.0016637548011970344
            ],
            [
                -4.3192683163759926e-05,
                -0.0017463378177464514,
                0.9999999999999999
            ]
        ]
    },
    "3_0": {
        "rvec": [
            -0.3039930924633997,
            0.502111134127946,
            -0.027220869196396744
        ],
        "tvec": [
            -0.8470344413924896,
            -0.5153514535843322,
            0.13017501443606216
        ],
        "F": [
            [
                -2.3033021071846586e-07,
                -3.7229499183015655e-08,
                0.0039655866392048185
            ],
            [
                2.8390395264263864e-07,
                1.9874220094437443e-07,
                -0.006385916571657241
            ],
            [
                -0.0025530948814330785,
                0.003970677650182692,
                1.0
            ]
        ]
    },
    "3_1": {
        "rvec": [
            1.6628059235635344,
            -0.016607473414538533,
            2.633334059844878
        ],
        "tvec": [
            0.6611436179823218,
            -0.0124205326420892,
            0.7501565481752006
        ],
        "F": [
            [
                1.3936951750524014e-08,
                -3.8751390687991264e-07,
                0.000441476360477684
            ],
            [
                6.876629327565305e-07,
                1.9242283530081886e-08,
                -0.004122481384279588
            ],
            [
                -0.0009888680219711176,
                0.0036133985509005967,
                1.0
            ]
        ]
    },
    "3_2": {
        "rvec": [
            3.0635288012956137,
            0.03893922490800489,
            -0.009493404229326504
        ],
        "tvec": [
            0.9815546453363178,
            -0.019359939837582107,
            0.19019902982975637
        ],
        "F": [
            [
                6.359525830104664e-09,
                -2.3894451951337074e-08,
                -5.862640987535646e-06
            ],
            [
                1.2606887708828147e-07,
                1.5662586055678748e-08,
                -0.0012573120200041917
            ],
            [
                -0.0003410448285130946,
                0.0009873892839708056,
                1.0
            ]
        ]
    },
    "4_0": {
        "rvec": [
            -0.010137250913739071,
            -2.9845064887329835,
            0.01566160349194319
        ],
        "tvec": [
            -0.18100609927666542,
            -0.13052590061462846,
            0.9747819147344631
        ],
        "F": [
            [
                -1.6038611164900408e-07,
                -3.393600064358759e-06,
                -0.00024913494345741417
            ],
            [
                3.570094361443372e-06,
                -8.103381331045759e-07,
                -0.001876053206208425
            ],
            [
                -0.0010622037187542656,
                0.00478631214389997,
                1.0
            ]
        ]
    },
    "4_1": {
        "rvec": [
            -0.040264509471751635,
            0.1549121163742094,
            -2.9454104917432393
        ],
        "tvec": [
            -0.920777133876571,
            -0.29989193965688576,
            0.24946802251767303
        ],
        "F": [
            [
                1.1809875675053206e-07,
                -6.821350453740413e-08,
                -0.0010278976107898727
            ],
            [
                -3.07671348992898e-07,
                -1.0112217875596401e-07,
                0.0034650787021913926
            ],
            [
                0.0005861654141127734,
                -0.002499888752842186,
                1.0
            ]
        ]
    },
    "4_2": {
        "rvec": [
            0.08595139343545116,
            0.029011249076319405,
            -0.023862132390917834
        ],
        "tvec": [
            -0.7255044337725342,
            -0.23881621909825873,
            0.645453429824342
        ],
        "F": [
            [
                -2.2556969147933369e-07,
                4.985896758233118e-07,
                0.0014961704516494195
            ],
            [
                7.296502194106421e-08,
                1.5554720202009776e-07,
                -0.005312697846428692
            ],
            [
                -0.0011954687107982348,
                0.0030970676383602815,
                1.0
            ]
        ]
    },
    "4_3": {
        "rvec": [
            3.132666807559594,
            0.016053111445591135,
            -0.17566732097391655
        ],
        "tvec": [
            0.021638349775121097,
            -0.10128169725198598,
            0.9946224407385783
        ],
        "F": [
            [
                9.319147152482866e-08,
                5.937070566879705e-07,
                -0.0007276443167393921
            ],
            [
                -6.117680673937091e-07,
                -8.432188368369602e-09,
                0.0018394525189222145
            ],
            [
                9.783100737288002e-05,
                -0.001712157099458167,
                1.0
            ]
        ]
    },
    "5_0": {
        "rvec": [
            -0.6667726046973262,
            1.6635290210486475,
            -2.3650711911330173
        ],
        "tvec": [
            0.21439577054457698,
            -0.452924598094543,
            0.8653864812980925
        ],
        "F": [
            [
                -1.288938884931308e-07,
                -4.5780694624154e-07,
                -0.0019295786149588416
            ],
            [
                5.350787359882745e-07,
                -7.011452451564626e-08,
                -0.00302989800404699
            ],
            [
                0.001983691294446956,
                0.0019235387031970824,
                1.0
            ]
        ]
    },
    "5_1": {
        "rvec": [
            0.04122695097770164,
            -0.010765457541275704,
            0.0571896761914752
        ],
        "tvec": [
            0.3894821600634383,
            -0.06913651858504916,
            0.9184355115032614
        ],
        "F": [
            [
                2.0220993176196297e-08,
                3.830936839716976e-07,
                -0.00047677359381315603
            ],
            [
                -3.853133722123284e-07,
                3.103819582745452e-08,
                0.002279310360896462
            ],
            [
                0.00018909816299878083,
                -0.0022973529851748227,
                1.0
            ]
        ]
    },
    "5_2": {
        "rvec": [
            -0.023650283678613375,
            0.06994807654300883,
            -0.04417953112106231
        ],
        "tvec": [
            -0.8948646652851417,
            -0.4219823794797772,
            -0.14542387091773035
        ],
        "F": [
            [
                -1.5465939875001017e-08,
                -8.997113475106838e-08,
                0.0020642418348306817
            ],
            [
                1.296725075091988e-07,
                8.18495175239187e-09,
                -0.004384626115110098
            ],
            [
                -0.0022730420017009222,
                0.004236635914623454,
                1.0
            ]
        ]
    },
    "5_3": {
        "rvec": [
            0.04413504731493685,
            -0.499718463056291,
            0.09318595830199149
        ],
        "tvec": [
            0.636854030458785,
            0.06252953761775348,
            0.768444533335823
        ],
        "F": [
            [
                5.00136971231489e-09,
                1.5940814709881753e-07,
                -0.00037304527149767446
            ],
            [
                -5.5083318063208695e-08,
                1.5075992989534253e-08,
                0.001181955019501286
            ],
            [
                6.471821544194625e-05,
                -0.001462978606626545,
                1.0
            ]
        ]
    },
    "5_4": {
        "rvec": [
            0.23584828422037893,
            -0.7407543020410442,
            -0.013914318974192031
        ],
        "tvec": [
            0.9457329409368758,
            0.32443129548829097,
            0.018263048340224075
        ],
        "F": [
            [
                -1.0715954972721893e-06,
                -2.646997399314944e-07,
                -0.005456168037151522
            ],
            [
                3.0351022747480224e-06,
                9.74576161904324e-07,
                0.015772798512247835
            ],
            [
                0.00873530633215116,
                -0.028471662484546304,
                1.0
            ]
        ]
    },
    "6_0": {
        "rvec": [
            2.1564847716772464,
            1.4669563160396621,
            -1.6441269126213187
        ],
        "tvec": [
            -0.49997480338776584,
            -0.3382794467987705,
            0.7972403726925039
        ],
        "F": [
            [
                1.7545143991994086e-07,
                -3.8301968397104875e-07,
                -0.0022776743651660115
            ],
            [
                2.7573157971419034e-07,
                -2.5101717873425275e-07,
                0.0030195423753732837
            ],
            [
                0.000862012656628582,
                -0.0012335614598032645,
                1.0
            ]
        ]
    },
    "6_1": {
        "rvec": [
            -2.6883467880025678,
            -0.7536927900775116,
            1.2782487046883693
        ],
        "tvec": [
            -0.6448786850358152,
            -0.24636120262746775,
            0.7234899027812521
        ],
        "F": [
            [
                1.4467223715767576e-07,
                -6.301913628726361e-07,
                -0.0008547517742925874
            ],
            [
                3.5795057797426885e-08,
                -5.596201176169352e-08,
                0.003652561979536883
            ],
            [
                0.0006229260344837722,
                -0.002592383015980676,
                1.0
            ]
        ]
    },
    "6_2": {
        "rvec": [
            0.06307416199113747,
            0.011289854745138248,
            -0.15222616551522505
        ],
        "tvec": [
            -0.3384176151700483,
            -0.062240490429594175,
            0.9389353753553547
        ],
        "F": [
            [
                -1.042824019642366e-07,
                1.944413312209482e-06,
                -0.0014779195683026082
            ],
            [
                -1.568525348940678e-06,
                -2.0389168631108265e-07,
                -0.0011405699888828809
            ],
            [
                0.0013655904096214718,
                0.00016774217229173892,
                1.0
            ]
        ]
    },
    "6_3": {
        "rvec": [
            -0.01055975115523089,
            0.01391739736000302,
            -3.087323046187648
        ],
        "tvec": [
            -0.7151886141308161,
            -0.6652220551422885,
            -0.21444081600738407
        ],
        "F": [
            [
                6.666172335839473e-08,
                9.778869542111064e-08,
                -0.0015230745626335401
            ],
            [
                -1.1888768002413422e-07,
                -5.010780108083087e-08,
                0.0016665831223501998
            ],
            [
                0.0011011905202460298,
                -0.001482038446451207,
                1.0
            ]
        ]
    },
    "6_4": {
        "rvec": [
            0.05957843768265415,
            -0.016460331862810103,
            -0.008970348846935532
        ],
        "tvec": [
            0.9746898801686457,
            0.22102331364301253,
            0.0335906582712181
        ],
        "F": [
            [
                -1.4093877356249561e-08,
                1.0100802723530138e-07,
                -0.01805342235742089
            ],
            [
                -3.2640696504903344e-07,
                1.1851985764408686e-06,
                0.07806022486171818
            ],
            [
                0.019878827250074317,
                -0.08324118698181007,
                1.0
            ]
        ]
    },
    "6_5": {
        "rvec": [
            0.05830142340696051,
            0.01649762549143462,
            -0.06799399222189276
        ],
        "tvec": [
            -0.5055980559546301,
            -0.15483527504204384,
            0.8487618296186235
        ],
        "F": [
            [
                -1.7561215541646898e-07,
                1.457962022032319e-06,
                0.0005976230045936426
            ],
            [
                -8.282643670402938e-07,
                4.8933611451458256e-08,
                -0.0052651146999423215
            ],
            [
                -0.0003205749105085147,
                0.0025846576550800702,
                1.0
            ]
        ]
    },
    "7_0": {
        "rvec": [
            -0.39360004566310924,
            0.258315678710618,
            -3.084798976170072
        ],
        "tvec": [
            0.13170699620046106,
            -0.06674192237801922,
            0.9890393232572395
        ],
        "F": [
            [
                4.213873436096997e-08,
                -2.6027006663428036e-07,
                6.437090250315879e-06
            ],
            [
                3.353550465608633e-07,
                -5.538547639587082e-08,
                -0.0011890372168974828
            ],
            [
                -0.0004461678429494455,
                0.0010195691130872543,
                1.0
            ]
        ]
    },
    "7_1": {
        "rvec": [
            0.37205969879018347,
            1.0682779394177038,
            -0.09041223531346389
        ],
        "tvec": [
            -0.7683609530777511,
            0.3102179443176791,
            0.5598091396259652
        ],
        "F": [
            [
                6.263159226865242e-08,
                9.114074534352566e-08,
                -0.0007360000424452022
            ],
            [
                7.000666182029475e-08,
                -6.520381281340138e-08,
                -0.0011871781306990112
            ],
            [
                8.798065645713847e-05,
                0.0010602740370163914,
                1.0
            ]
        ]
    },
    "7_2": {
        "rvec": [
            0.3232624514042396,
            0.8652607660682238,
            -0.20911659421151382
        ],
        "tvec": [
            -0.6536494390600494,
            0.38821853941764367,
            0.6496374192339249
        ],
        "F": [
            [
                3.024333122146779e-08,
                6.42426764196237e-08,
                -0.0005229081652538682
            ],
            [
                7.617541277038184e-09,
                -3.681927831197989e-08,
                -0.0006004668448546251
            ],
            [
                0.00010237894748145517,
                0.0005306788032725778,
                1.0
            ]
        ]
    },
    "7_3": {
        "rvec": [
            0.008747999675424433,
            -0.0008594346169103187,
            -0.05577291892835836
        ],
        "tvec": [
            -0.14122693373112635,
            0.020676670547697867,
            0.9897612987402397
        ],
        "F": [
            [
                -8.294289285254162e-07,
                8.767198926283919e-06,
                -0.011482542164062285
            ],
            [
                -8.487478080293387e-06,
                3.3256021014451544e-07,
                0.011714079176113928
            ],
            [
                0.014371581820159499,
                -0.014975411040701436,
                1.0
            ]
        ]
    },
    "7_4": {
        "rvec": [
            0.0019266526170068816,
            -0.00037802809740569796,
            -3.134155003071384
        ],
        "tvec": [
            -0.01844595160762564,
            0.5904640363960801,
            0.8068531270263118
        ],
        "F": [
            [
                1.9054116307141459e-07,
                -5.502135889667786e-07,
                0.006124048516191294
            ],
            [
                1.0611753419906081e-06,
                -7.352764451974548e-08,
                -0.0024030041850515538
            ],
            [
                -0.007839023646658156,
                0.0019153766281992835,
                1.0
            ]
        ]
    },
    "7_5": {
        "rvec": [
            0.35104917538182856,
            0.8357268457043691,
            -0.1372531848186185
        ],
        "tvec": [
            -0.6730363687389775,
            0.42780076087043384,
            0.6033312152983042
        ],
        "F": [
            [
                3.2043070974729094e-08,
                4.589162374911957e-08,
                -0.00048208108037792603
            ],
            [
                8.315074286303516e-09,
                -3.099252725489279e-08,
                -0.0005547633962769597
            ],
            [
                0.00012646641160025742,
                0.0004709486605223541,
                1.0
            ]
        ]
    },
    "7_6": {
        "rvec": [
            -0.3929169303887533,
            -0.10476641615378021,
            2.9887750670253386
        ],
        "tvec": [
            -0.1215868115610932,
            -0.007029582527294104,
            0.9925559088655406
        ],
        "F": [
            [
                2.6695436237202543e-07,
                -8.633425770005619e-07,
                0.00031405746458254216
            ],
            [
                7.323805967134609e-07,
                -6.07871014215012e-08,
                -0.0011867131264367082
            ],
            [
                -0.001447713102557226,
                0.0016364244925750318,
                1.0
            ]
        ]
    },
    "8_0": {
        "rvec": [
            2.1355688695919195,
            0.39522322287537676,
            -2.177783510632482
        ],
        "tvec": [
            -0.7527579078963407,
            -0.20232464931885918,
            0.6264345683130241
        ],
        "F": [
            [
                -7.761704244628389e-08,
                -2.5271912034644366e-07,
                -5.2868793917594836e-05
            ],
            [
                3.819354846271121e-07,
                1.606590907676743e-08,
                0.0012389486701384052
            ],
            [
                -8.113041736235678e-05,
                -0.0015875639670442341,
                1.0
            ]
        ]
    },
    "8_1": {
        "rvec": [
            -0.07084076858272974,
            0.3899976050471254,
            0.12706033910594014
        ],
        "tvec": [
            0.7529080139904579,
            0.507570707940002,
            0.41892899029576586
        ],
        "F": [
            [
                5.434310488133551e-08,
                9.719602824101102e-08,
                -0.001009939302771034
            ],
            [
                -1.8689521618728946e-07,
                3.7326296922105704e-08,
                0.001463380051436591
            ],
            [
                0.001089380780750704,
                -0.001979418960836938,
                1.0
            ]
        ]
    },
    "8_2": {
        "rvec": [
            -2.2953142342713293,
            -1.1317152527375989,
            1.4850849818428367
        ],
        "tvec": [
            -0.8404835389500686,
            -0.3752188314240604,
            0.3908941663656943
        ],
        "F": [
            [
                3.158984962889526e-08,
                -6.776997170420842e-07,
                -0.00193744287658851
            ],
            [
                5.638161102090027e-07,
                3.789604020378658e-07,
                0.004598108057612456
            ],
            [
                0.0037606545356175447,
                -0.006919371220977385,
                1.0
            ]
        ]
    },
    "8_3": {
        "rvec": [
            0.3883558138664458,
            -0.858792114030976,
            0.14190649998022695
        ],
        "tvec": [
            0.8594227116574762,
            0.4287829777876819,
            0.2784560300062451
        ],
        "F": [
            [
                -5.7847438672211576e-08,
                2.4895324098953588e-08,
                -0.00034318715827931105
            ],
            [
                8.031361736111165e-08,
                5.1003940768411096e-08,
                0.0006077651195529178
            ],
            [
                0.00045762964077086565,
                -0.0013146176406308781,
                1.0
            ]
        ]
    },
    "8_4": {
        "rvec": [
            0.04241715755877409,
            0.023416514095210107,
            -0.08248962262506354
        ],
        "tvec": [
            -0.5807562399791986,
            -0.33481133531334806,
            0.7420401333289977
        ],
        "F": [
            [
                6.8976487029377685e-06,
                1.8356637282119577e-05,
                -0.007801946846544371
            ],
            [
                -2.6144828384004864e-05,
                -8.67839675095395e-06,
                0.012600146133080968
            ],
            [
                -0.031666017645031755,
                0.04066063706381765,
                1.0
            ]
        ]
    },
    "8_5": {
        "rvec": [
            0.03603706056352039,
            0.15766217463622062,
            -0.08896511837009008
        ],
        "tvec": [
            0.6734851655552979,
            0.5731075808911785,
            0.4668676820063843
        ],
        "F": [
            [
                -5.523624059704993e-09,
                1.140795468289958e-06,
                -0.011845761766531217
            ],
            [
                -1.6654154357011003e-06,
                2.0045868637447693e-07,
                0.01500442696503893
            ],
            [
                0.01788070571231597,
                -0.017688249108417438,
                1.0
            ]
        ]
    },
    "8_6": {
        "rvec": [
            0.6043505007657767,
            -1.1696430405718192,
            0.05515280774974557
        ],
        "tvec": [
            0.7683025292148409,
            0.39697861225850406,
            0.5021147329160844
        ],
        "F": [
            [
                -1.886885891317283e-07,
                1.0262901571193911e-07,
                -0.0006212744992855556
            ],
            [
                1.8151422264679952e-07,
                1.97164516888239e-07,
                0.001068101142189896
            ],
            [
                0.0013574077055398559,
                -0.0029203943458802704,
                1.0
            ]
        ]
    },
    "8_7": {
        "rvec": [
            -0.01151777886393878,
            -3.1402150593680243,
            -0.06237118226049131
        ],
        "tvec": [
            0.22093372249681345,
            0.00860885565323169,
            0.9752508281811623
        ],
        "F": [
            [
                5.3743638016429665e-08,
                2.0625651639608252e-07,
                -0.0004446367343794588
            ],
            [
                -1.6543161711998935e-07,
                -3.992945052245333e-08,
                0.0006761551925753689
            ],
            [
                -2.986392153597073e-07,
                -0.0008581628540351137,
                1.0
            ]
        ]
    },
    "9_0": {
        "rvec": [
            -0.00442846746251107,
            0.002835865002398271,
            3.1137715922958376
        ],
        "tvec": [
            -0.13271125500634545,
            -0.2855797387326642,
            0.9491216653411848
        ],
        "F": [
            [
                4.680295204568885e-08,
                -2.533635010996432e-07,
                -0.0007489586983500554
            ],
            [
                3.2085643285896966e-07,
                -3.592782906510895e-08,
                -0.00027676650040141026
            ],
            [
                0.00021388729979916296,
                0.00039081976649880533,
                1.0
            ]
        ]
    },
    "9_1": {
        "rvec": [
            -2.565985668392297,
            -1.3566931952222328,
            -1.1432703457864952
        ],
        "tvec": [
            -0.8895008327003038,
            -0.4568531660224494,
            0.008570491277082315
        ],
        "F": [
            [
                1.286056586252379e-07,
                6.348901534763788e-08,
                -0.001580935023496305
            ],
            [
                -2.4579084124260825e-07,
                -1.2970317185256428e-07,
                0.003065907272451415
            ],
            [
                0.0013760174327853603,
                -0.00269306522968093,
                1.0
            ]
        ]
    },
    "9_2": {
        "rvec": [
            1.4853596303399461,
            0.8566948486260249,
            2.4216481217605574
        ],
        "tvec": [
            0.6444230954925247,
            0.27458676377416946,
            0.7136672776272291
        ],
        "F": [
            [
                -3.4511502465920596e-08,
                -8.653987531502878e-07,
                0.0033126562344032396
            ],
            [
                1.0395112602291067e-06,
                4.83319180504284e-07,
                -0.007600403919819056
            ],
            [
                -0.0041340244603316634,
                0.006189178334538282,
                1.0
            ]
        ]
    },
    "9_3": {
        "rvec": [
            0.03447992173276799,
            0.03280319955642446,
            -0.0636161821450418
        ],
        "tvec": [
            0.07015565519274775,
            -0.10193594154646568,
            0.9923140873057843
        ],
        "F": [
            [
                -1.1074320547772503e-08,
                8.880525008987618e-07,
                -0.0007530173497628498
            ],
            [
                -7.762812250866197e-07,
                -9.447893591244865e-08,
                0.0024531236486892414
            ],
            [
                0.0004970129829298909,
                -0.0028408577044057985,
                1.0
            ]
        ]
    },
    "9_4": {
        "rvec": [
            -0.006111192946027941,
            -0.24191978656690552,
            -0.1657915498415535
        ],
        "tvec": [
            -0.9838007486981724,
            0.04431821155721871,
            0.17370084336377073
        ],
        "F": [
            [
                -3.5754780763808414e-08,
                1.4737356345160767e-07,
                -0.0003922543140904012
            ],
            [
                -3.5384496431419184e-07,
                -1.0636980310292066e-08,
                -0.005049482066055656
            ],
            [
                -0.00026112866207803054,
                0.005939235614473256,
                1.0
            ]
        ]
    },
    "9_5": {
        "rvec": [
            -0.12615011039539886,
            -0.07945768390196015,
            -0.1766330556927915
        ],
        "tvec": [
            0.6862113523692566,
            0.34863460182748296,
            0.6384104434359988
        ],
        "F": [
            [
                1.1633716891557285e-07,
                9.090498788329222e-07,
                -0.004401633785070987
            ],
            [
                -1.0690728332926502e-06,
                -4.688569656190252e-07,
                0.008471642312773173
            ],
            [
                0.004637715567361835,
                -0.007274533426445934,
                1.0
            ]
        ]
    },
    "9_6": {
        "rvec": [
            1.8160463036747305,
            0.1881695211662802,
            2.392909121280276
        ],
        "tvec": [
            0.5028880280927097,
            -0.00769928675967152,
            0.8643172751856915
        ],
        "F": [
            [
                1.8904964889132134e-07,
                -9.498622080077923e-07,
                0.0009051950876358665
            ],
            [
                5.508280045178439e-07,
                7.746261093120208e-08,
                -0.0057039105701623335
            ],
            [
                -0.0020660331889676693,
                0.006665422465299932,
                1.0
            ]
        ]
    },
    "9_7": {
        "rvec": [
            0.020275652182094445,
            -0.03937693243516942,
            -0.004102855831991028
        ],
        "tvec": [
            0.34482976441424795,
            -0.8941952090519408,
            0.2854949416059245
        ],
        "F": [
            [
                2.7639847546271106e-07,
                -2.4052973393856754e-07,
                0.0047665994922270055
            ],
            [
                -1.0366834528412309e-07,
                -2.2796994480922733e-07,
                0.0025668403097939842
            ],
            [
                -0.005598446266104277,
                -0.0022556698371864552,
                1.0
            ]
        ]
    },
    "9_8": {
        "rvec": [
            3.0994908512191457,
            -0.0011202236276178104,
            -0.004671996462644555
        ],
        "tvec": [
            0.30691478035216446,
            0.23509993055076356,
            0.9222425604234543
        ],
        "F": [
            [
                9.610561093492941e-11,
                -9.04840255236506e-07,
                0.003184480013995413
            ],
            [
                8.395092844641558e-07,
                2.7317129421332095e-07,
                -0.005348072504956159
            ],
            [
                -0.002777977655137845,
                0.0038396214944510995,
                1.0
            ]
        ]
    },
    "10_0": {
        "rvec": [
            -0.003151183379456907,
            -3.0823682244440187,
            0.0021662330514248614
        ],
        "tvec": [
            -0.011602525435195509,
            -0.039131849537965925,
            0.9991666926770847
        ],
        "F": [
            [
                1.0960674282314101e-08,
                -8.084376252032303e-07,
                0.0004258076378054643
            ],
            [
                8.471057504288031e-07,
                -8.867602048601457e-08,
                -0.0019738923699630533
            ],
            [
                -0.0009405721774223455,
                0.0022299318893902287,
                1.0
            ]
        ]
    },
    "10_1": {
        "rvec": [
            0.0055149176536484126,
            0.014787694312495495,
            3.0408423710564807
        ],
        "tvec": [
            0.5896355190034813,
            -0.26658671023693814,
            0.7624050633715269
        ],
        "F": [
            [
                5.286937338905611e-08,
                -2.0010088846857285e-07,
                -0.0003843250896516706
            ],
            [
                2.73196012099727e-07,
                -2.7632157195748433e-08,
                -0.001791236520587727
            ],
            [
                -0.00010325947179011519,
                0.0016796658817283046,
                1.0
            ]
        ]
    },
    "10_2": {
        "rvec": [
            0.06992247897386732,
            -0.020973398522058942,
            -0.026280789551135057
        ],
        "tvec": [
            -0.7374119874549772,
            0.3049340200471754,
            0.602692960117811
        ],
        "F": [
            [
                1.1055037758037734e-08,
                6.300276579421261e-08,
                -0.0004042667375603765
            ],
            [
                -9.466040331052764e-09,
                -2.4065946007934258e-08,
                -0.0006969997739586264
            ],
            [
                0.00012138665498735565,
                0.0005359864028121038,
                1.0
            ]
        ]
    },
    "10_3": {
        "rvec": [
            -0.00032270969584112996,
            0.000623006855017898,
            0.03015863735141137
        ],
        "tvec": [
            0.003125055282412465,
            0.021416910340192212,
            0.9997657475533767
        ],
        "F": [
            [
                -2.049342808725851e-08,
                1.5564875944515585e-06,
                -0.0023231518842981237
            ],
            [
                -1.4191909498219347e-06,
                6.413505637127111e-08,
                0.0035105731334803313
            ],
            [
                0.0022363489025865255,
                -0.004381384528620961,
                1.0
            ]
        ]
    },
    "10_4": {
        "rvec": [
            0.23570670762188092,
            -0.12037692228714614,
            -0.05514494307041
        ],
        "tvec": [
            0.6347928622551257,
            0.6671967268424126,
            -0.38972624971987213
        ],
        "F": [
            [
                -1.1939755069051053e-06,
                -7.999625469448098e-06,
                -0.05172637147143883
            ],
            [
                5.535367627490053e-06,
                3.5328317666860278e-06,
                0.04271637960272974
            ],
            [
                0.05289247686274624,
                -0.035561845610744144,
                1.0
            ]
        ]
    },
    "10_5": {
        "rvec": [
            -0.054850782647098646,
            0.02494889684040281,
            0.012267460617424255
        ],
        "tvec": [
            -0.7770933625751423,
            0.42252981998123246,
            0.46647021026887225
        ],
        "F": [
            [
                1.6768636024169284e-08,
                3.289770577798909e-08,
                -0.0004046361495823194
            ],
            [
                7.527685661117461e-10,
                -1.7715618039299664e-08,
                -0.0006047825572556065
            ],
            [
                0.00015909306387753297,
                0.0004704363637360636,
                1.0
            ]
        ]
    },
    "10_6": {
        "rvec": [
            -0.04359710607210132,
            0.11257909755584364,
            -0.13208429392813192
        ],
        "tvec": [
            -0.45937653531123734,
            -0.14198678213761487,
            0.8768197947717928
        ],
        "F": [
            [
                -1.271488866363422e-07,
                9.517581096308929e-07,
                0.0005867375482383163
            ],
            [
                -8.287574553335697e-07,
                -1.2309815717692556e-07,
                -0.0019283089778175005
            ],
            [
                -3.683084926551024e-05,
                0.0011885552306147157,
                1.0
            ]
        ]
    },
    "10_7": {
        "rvec": [
            -0.048363056822458714,
            -0.09898329500068434,
            0.02693032951234783
        ],
        "tvec": [
            -0.8123317790634172,
            0.2965193510787356,
            0.5021885653412563
        ],
        "F": [
            [
                -4.492345503914221e-08,
                4.4712301703243e-07,
                -0.0025837173506562026
            ],
            [
                -5.817089846875786e-07,
                7.75503900664443e-08,
                -0.0043595774347102954
            ],
            [
                0.0029796427124620345,
                0.003790368547380318,
                1.0
            ]
        ]
    },
    "10_8": {
        "rvec": [
            0.004195656184001771,
            -0.008268225127944192,
            -3.07859655230414
        ],
        "tvec": [
            0.18805571077069033,
            0.1806083506607653,
            0.9654095883707228
        ],
        "F": [
            [
                9.918792838081052e-09,
                -4.085765254641801e-07,
                0.001375045214514796
            ],
            [
                4.4671629475834587e-07,
                -3.4344685838717376e-08,
                -0.0024251900891119455
            ],
            [
                -0.0012895522582332547,
                0.0018118289674604183,
                1.0
            ]
        ]
    },
    "10_9": {
        "rvec": [
            0.4842664945769884,
            0.01795320537843198,
            0.13433275427991134
        ],
        "tvec": [
            -0.08078199288757582,
            0.9833386855923468,
            0.1628474717108842
        ],
        "F": [
            [
                1.5007385327923115e-08,
                -1.3625984893145157e-07,
                -0.0029454783812518336
            ],
            [
                -5.37974593553654e-08,
                -7.599102010662568e-09,
                -8.480587810573141e-05
            ],
            [
                0.0025549842763778925,
                0.00021979443069057155,
                1.0
            ]
        ]
    },
    "11_0": {
        "rvec": [
            0.0011052428935710208,
            0.05186899158220997,
            0.1604953188527563
        ],
        "tvec": [
            -0.17297383353604723,
            0.11982819713119656,
            0.9776099713506051
        ],
        "F": [
            [
                5.046098067277286e-08,
                4.494694580797586e-07,
